1.082502 0.406044
1.103411 0.394857
1.111469 0.413774
1.097337 0.407409
1.109566 0.416723
1.104757 0.432713
1.101657 0.437429
1.088544 0.410121
1.097118 0.434279
1.101301 0.431923
1.093878 0.444503
1.102487 0.439400
1.091945 0.451825
1.105565 0.436665
1.103708 0.458944
1.095490 0.450486
1.090745 0.466901
1.105847 0.464965
1.090630 0.482861
1.083260 0.490972
1.110034 0.471598
1.108631 0.516746
1.090036 0.489879
1.083440 0.493103
1.092989 0.490577
1.099763 0.483299
1.096921 0.495145
1.102416 0.504136
1.084696 0.518601
1.087643 0.503067
1.088409 0.505777
1.070821 0.518124
1.076728 0.518394
1.091465 0.518317
1.089783 0.532819
1.076668 0.529693
1.092043 0.550751
1.062130 0.552533
1.064333 0.524329
1.064403 0.547287
1.070084 0.552868
1.067618 0.570404
1.073116 0.555690
1.065627 0.562920
1.083438 0.580844
1.051765 0.584658
1.057889 0.583759
1.069895 0.567566
1.048752 0.599285
1.078135 0.585908
1.050060 0.587580
1.054925 0.599567
1.049477 0.613128
1.049024 0.604587
1.056790 0.605381
1.059150 0.617645
1.043791 0.635883
1.063222 0.607040
1.048218 0.621088
1.038375 0.648884
1.036685 0.631031
1.043893 0.611639
1.044261 0.646739
1.040167 0.632972
1.021798 0.628174
1.025806 0.650666
1.040446 0.644745
1.039719 0.647110
1.040640 0.649154
1.014037 0.666124
1.007908 0.661501
1.027916 0.679765
1.018846 0.671610
1.013155 0.666414
1.038250 0.684935
1.010228 0.688774
1.021045 0.659713
0.998250 0.691873
1.014881 0.684651
0.995759 0.695511
1.011410 0.698573
1.009057 0.724151
0.984175 0.720401
1.006522 0.710815
1.002866 0.700556
0.996941 0.701413
0.991304 0.710852
0.988031 0.720747
0.979468 0.716044
0.970747 0.713167
0.963143 0.740317
0.981333 0.716773
0.993821 0.738236
0.968678 0.721597
0.988135 0.738270
0.967191 0.730643
0.963724 0.743450
0.961824 0.735544
0.957213 0.729145
0.931448 0.752589
0.936507 0.748068
0.939403 0.755793
0.918223 0.790797
0.945459 0.795127
0.939785 0.780518
0.934899 0.777290
0.937831 0.788261
0.933814 0.769086
0.933830 0.780043
0.920176 0.766863
0.911760 0.785972
0.922679 0.783607
0.914475 0.789095
0.903817 0.801095
0.908967 0.806933
0.896837 0.789528
0.922315 0.796313
0.910275 0.812949
0.880629 0.798763
0.895713 0.812222
0.878486 0.813385
0.911174 0.807691
0.873533 0.795829
0.873309 0.813704
0.878655 0.825507
0.863494 0.811086
0.884001 0.806537
0.871027 0.822532
0.876859 0.825671
0.872186 0.822934
0.846272 0.821064
0.845954 0.822510
0.867483 0.821079
0.860656 0.836341
0.835557 0.820757
0.842738 0.819132
0.825801 0.839739
0.838507 0.861357
0.841435 0.869096
0.834784 0.823978
0.812845 0.850901
0.817082 0.852704
0.827766 0.858651
0.812055 0.863265
0.833638 0.850212
0.805897 0.851549
0.799591 0.855802
0.809804 0.862106
0.800503 0.839308
0.791479 0.854778
0.814328 0.850307
0.786056 0.863217
0.788725 0.868199
0.783105 0.862655
0.773539 0.876327
0.761581 0.866630
0.786405 0.885346
0.758447 0.867762
0.772896 0.876295
0.755943 0.867757
0.754420 0.875337
0.745337 0.886657
0.754551 0.876601
0.727168 0.877328
0.758928 0.888051
0.721246 0.892146
0.733239 0.878228
0.737638 0.888664
0.704193 0.862978
0.719742 0.887884
0.719733 0.873474
0.696052 0.896378
0.711296 0.868644
0.698387 0.889042
0.700132 0.877474
0.717448 0.892274
0.698921 0.885421
0.689667 0.919315
0.681806 0.893804
0.668508 0.882562
0.673073 0.899875
0.672176 0.883829
0.674674 0.879848
0.655620 0.898843
0.675036 0.876221
0.656466 0.898206
0.647823 0.895192
0.645048 0.909178
0.654424 0.893347
0.647502 0.905525
0.656989 0.896910
0.640444 0.897891
0.643101 0.895656
0.648252 0.897878
0.618994 0.900373
0.626122 0.901512
0.613958 0.879267
0.621953 0.907699
0.601854 0.897608
0.619689 0.888140
