1.947507 1.218133
2.010017 1.197920
2.033538 1.268011
1.990059 1.262237
2.025231 1.303467
2.008853 1.364685
1.997173 1.392028
1.955025 1.323238
1.977510 1.408774
1.986395 1.414685
1.960036 1.465315
1.981350 1.462792
1.944792 1.512741
1.980300 1.479811
1.968965 1.559069
1.938135 1.545972
1.917313 1.607344
1.955630 1.613501
1.902588 1.678982
1.872686 1.714925
1.944824 1.668226
1.932041 1.814892
1.867298 1.745305
1.838171 1.765773
1.857104 1.768764
1.867343 1.757260
1.848367 1.802886
1.854040 1.839692
1.789718 1.892659
1.787049 1.855355
1.777492 1.872506
1.712539 1.918278
1.717742 1.927524
1.749110 1.935424
1.730907 1.986752
1.678095 1.984874
1.710451 2.055223
1.606649 2.067408
1.598904 1.989293
1.584483 2.064317
1.586624 2.086853
1.564060 2.144891
1.565128 2.105810
1.526989 2.132184
1.564511 2.190260
1.453349 2.205619
1.455357 2.206445
1.474795 2.160988
1.394585 2.258863
1.465754 2.221038
1.364359 2.227946
1.361612 2.265378
1.327754 2.307107
1.308724 2.282099
1.314201 2.284662
1.303318 2.321201
1.239152 2.375217
1.279234 2.287544
1.215898 2.328093
1.167948 2.409435
1.144366 2.353376
1.147397 2.292238
1.129839 2.394119
1.098834 2.348932
1.024955 2.330185
1.018168 2.392842
1.043249 2.369792
1.022209 2.371127
1.006107 2.371028
0.907434 2.415231
0.870199 2.394182
0.911396 2.441318
0.865395 2.408720
0.829574 2.384528
0.886169 2.431007
0.783479 2.432966
0.797383 2.335750
0.710539 2.421724
0.742069 2.389077
0.666451 2.410204
0.695269 2.407466
0.670207 2.471808
0.577700 2.447699
0.627027 2.405617
0.598507 2.361053
0.563353 2.349374
0.529245 2.362988
0.502421 2.377511
0.459931 2.347792
0.417178 2.323102
0.378001 2.388047
0.416435 2.300471
0.438011 2.347480
0.346943 2.279749
0.389939 2.311527
0.312007 2.269983
0.286784 2.289321
0.266557 2.246109
0.238494 2.207011
0.147281 2.257038
0.148860 2.222776
0.144280 2.224858
0.067808 2.308395
0.136930 2.299532
0.107677 2.233480
0.081152 2.201207
0.078454 2.211172
0.055289 2.130348
0.044612 2.139578
-0.006677 2.076059
-0.041848 2.109082
-0.018602 2.077358
-0.052307 2.068881
-0.092947 2.079638
-0.085726 2.071610
-0.129904 1.993566
-0.060809 1.987811
-0.103814 2.011341
-0.199175 1.942141
-0.159880 1.955621
-0.217039 1.931972
-0.123978 1.887516
-0.241415 1.824333
-0.246109 1.850144
-0.233598 1.857532
-0.282102 1.786055
-0.223098 1.744004
-0.264026 1.763410
-0.248016 1.744083
-0.263002 1.706973
-0.341186 1.672315
-0.342052 1.647472
-0.276844 1.613872
-0.296170 1.630239
-0.369769 1.553963
-0.345986 1.519473
-0.394011 1.551596
-0.352559 1.586678
-0.339888 1.580068
-0.355404 1.414835
-0.416228 1.465688
-0.397967 1.441153
-0.359806 1.429035
-0.400270 1.412911
-0.328294 1.343796
-0.403725 1.317866
-0.414290 1.300715
-0.374737 1.289757
-0.393160 1.191542
-0.410191 1.208196
-0.331040 1.165103
-0.404693 1.174234
-0.384958 1.159681
-0.389532 1.113656
-0.405386 1.125401
-0.427859 1.067168
-0.339429 1.094316
-0.408791 1.012719
-0.350385 1.009634
-0.385630 0.955514
-0.374044 0.949932
-0.384591 0.955767
-0.339708 0.897684
-0.404078 0.872171
-0.290486 0.876875
-0.384691 0.861934
-0.329344 0.793208
-0.296258 0.797807
-0.376187 0.694311
-0.308622 0.742874
-0.287223 0.673784
-0.336339 0.716938
-0.268182 0.608495
-0.283992 0.644771
-0.255354 0.585485
-0.179522 0.605644
-0.210747 0.561200
-0.213684 0.639361
-0.211980 0.539679
-0.226134 0.483186
-0.186253 0.512749
-0.162318 0.442637
-0.127761 0.409130
-0.157437 0.444970
-0.071287 0.356387
-0.098682 0.402057
-0.095895 0.373177
-0.075108 0.395751
-0.017486 0.329331
-0.008381 0.347406
0.050323 0.303581
0.031288 0.289024
0.070207 0.265311
0.116954 0.255469
0.060803 0.246947
0.114133 0.234871
0.109900 0.153161
0.166448 0.224008
0.139008 0.179817
0.225653 0.138031
