1.973754 1.209066
2.004877 1.211525
2.016243 1.259131
1.993846 1.268793
2.010511 1.301940
2.001140 1.345059
1.993855 1.371214
1.971076 1.349269
1.980353 1.404448
1.982570 1.419771
1.966907 1.457405
1.974822 1.468407
1.953546 1.505584
1.968048 1.501257
1.958874 1.552954
1.939702 1.558396
1.925282 1.600992
1.940184 1.615894
1.909160 1.660366
1.889461 1.689972
1.920539 1.678155
1.908917 1.762914
1.871076 1.739434
1.850808 1.760864
1.854336 1.773434
1.853287 1.778630
1.837402 1.812259
1.833617 1.841342
1.794612 1.878364
1.786214 1.870106
1.774156 1.888924
1.734188 1.921899
1.729087 1.936451
1.736863 1.950167
1.719651 1.985428
1.684935 1.993915
1.692607 2.038340
1.632008 2.053502
1.619250 2.023330
1.602970 2.069540
1.594790 2.089313
1.574082 2.126643
1.565019 2.115213
1.536183 2.136308
1.545015 2.173048
1.479346 2.188220
1.470107 2.195912
1.469432 2.180247
1.418788 2.236028
1.443693 2.223738
1.382180 2.233588
1.369858 2.258473
1.341855 2.285276
1.321143 2.278477
1.312568 2.285227
1.295701 2.308728
1.252085 2.340726
1.260492 2.301638
1.217092 2.326416
1.181294 2.371343
1.157593 2.347322
1.147118 2.320511
1.126271 2.374957
1.098631 2.355616
1.049488 2.349240
1.033831 2.383310
1.034053 2.374268
1.011166 2.377161
0.990703 2.379077
0.928917 2.402885
0.897816 2.393804
0.905905 2.418554
0.870372 2.403176
0.839913 2.391738
0.855650 2.415372
0.791739 2.416483
0.786126 2.367743
0.730144 2.410335
0.733360 2.393354
0.683019 2.402998
0.684918 2.400446
0.659903 2.431173
0.601200 2.417413
0.613452 2.394406
0.586825 2.369899
0.556929 2.361576
0.527612 2.365641
0.501996 2.369906
0.468614 2.351793
0.435170 2.335942
0.403590 2.364658
0.410897 2.316861
0.409862 2.336109
0.352597 2.297740
0.362460 2.308881
0.311961 2.283119
0.287924 2.287557
0.266497 2.260482
0.241270 2.235228
0.184588 2.254303
0.174430 2.231003
0.161324 2.225648
0.112408 2.260794
0.136430 2.249519
0.111410 2.209430
0.087905 2.186014
0.076467 2.183504
0.054956 2.135390
0.039852 2.132097
0.004609 2.092227
-0.022403 2.100428
-0.020029 2.076060
-0.045952 2.063124
-0.075157 2.059617
-0.080244 2.046533
-0.110839 1.998262
-0.084602 1.985958
-0.114215 1.988125
-0.169803 1.943759
-0.157858 1.940570
-0.193930 1.918657
-0.154678 1.886186
-0.220460 1.844201
-0.229651 1.846568
-0.230018 1.839582
-0.260666 1.793027
-0.237333 1.761054
-0.263735 1.759683
-0.261435 1.738823
-0.274397 1.708954
-0.318720 1.680199
-0.324144 1.656245
-0.296288 1.627811
-0.310454 1.624263
-0.351510 1.574301
-0.343627 1.545147
-0.371397 1.549217
-0.354177 1.554691
-0.351094 1.539248
-0.361850 1.444428
-0.395003 1.457591
-0.388356 1.433005
-0.371501 1.414579
-0.393699 1.394106
-0.359416 1.347098
-0.398576 1.321650
-0.405041 1.300564
-0.386184 1.282553
-0.396054 1.220896
-0.404964 1.216664
-0.365520 1.182551
-0.402215 1.174551
-0.391953 1.154715
-0.393582 1.119154
-0.400589 1.112494
-0.410642 1.070867
-0.364983 1.071958
-0.397959 1.018709
-0.366790 1.004756
-0.382187 0.965328
-0.373911 0.950219
-0.376443 0.940873
-0.351004 0.899628
-0.379937 0.874734
-0.319634 0.865018
-0.362979 0.845557
-0.331298 0.799284
-0.310498 0.789760
-0.345960 0.726281
-0.307429 0.738927
-0.291739 0.692850
-0.311066 0.703001
-0.271518 0.637467
-0.273718 0.644408
-0.253461 0.603690
-0.209376 0.602822
-0.218592 0.569784
-0.213439 0.598185
-0.205743 0.537804
-0.205757 0.499165
-0.178537 0.503704
-0.159077 0.458559
-0.134096 0.431876
-0.141027 0.440030
-0.089840 0.386141
-0.095228 0.399550
-0.085329 0.375860
-0.066238 0.378078
-0.028541 0.335982
-0.014919 0.336322
0.023683 0.305903
0.023591 0.290315
0.052649 0.270348
0.085788 0.257518
0.067642 0.245556
0.104395 0.232025
0.112522 0.183891
0.151189 0.212251
0.148008 0.183312
0.202010 0.155797
