1.321261 1.027199
1.414977 0.987453
1.450111 1.083153
1.384646 1.065030
1.437063 1.117380
1.412059 1.199667
1.394012 1.231085
1.330173 1.118236
1.363198 1.236798
1.375739 1.235833
1.335340 1.301847
1.366375 1.288020
1.310537 1.352781
1.362737 1.293094
1.344617 1.401548
1.297207 1.371319
1.264768 1.452634
1.321006 1.450959
1.240179 1.538093
1.194048 1.580734
1.300969 1.499220
1.280512 1.707552
1.182127 1.591296
1.137190 1.609907
1.164375 1.602082
1.178565 1.572287
1.148987 1.627953
1.156451 1.670150
1.059001 1.736345
1.054122 1.666888
1.039015 1.678860
0.940930 1.733512
0.948208 1.733115
0.994878 1.730441
0.967348 1.792646
0.888074 1.774782
0.936734 1.864994
0.781355 1.867697
0.770274 1.734687
0.749405 1.831125
0.753616 1.848570
0.721024 1.919010
0.724150 1.843516
0.668747 1.865953
0.727132 1.935694
0.562802 1.941118
0.568551 1.924502
0.600785 1.838230
0.483900 1.966728
0.594452 1.891458
0.446539 1.883073
0.446992 1.920272
0.401186 1.963718
0.378046 1.906874
0.392099 1.891208
0.382060 1.926338
0.292557 1.987530
0.359897 1.836043
0.272597 1.876757
0.208870 1.978539
0.182204 1.874113
0.195975 1.761975
0.179391 1.894284
0.143177 1.805928
0.043200 1.757180
0.044419 1.830503
0.094008 1.775246
0.074992 1.756565
0.063967 1.735746
-0.070324 1.781413
-0.111860 1.729249
-0.035142 1.779429
-0.088612 1.710094
-0.126195 1.653472
-0.024535 1.702977
-0.161178 1.685846
-0.122301 1.520111
-0.233915 1.629345
-0.167336 1.560848
-0.260843 1.573235
-0.197060 1.550067
-0.213462 1.627780
-0.330396 1.573103
-0.233944 1.491770
-0.253629 1.407041
-0.282635 1.371987
-0.309445 1.375241
-0.324706 1.380250
-0.362846 1.319307
-0.400768 1.266341
-0.432719 1.348284
-0.347652 1.201921
-0.287279 1.257933
-0.395286 1.142354
-0.301621 1.176580
-0.388784 1.101383
-0.396324 1.118092
-0.395828 1.041580
-0.406550 0.971861
-0.511478 1.036475
-0.476709 0.975318
-0.450688 0.969362
-0.532023 1.086291
-0.394506 1.065342
-0.404103 0.959352
-0.409177 0.904789
-0.378099 0.914360
-0.377325 0.788545
-0.357443 0.798623
-0.398123 0.700406
-0.414288 0.747847
-0.342511 0.699029
-0.355866 0.685958
-0.379348 0.702630
-0.330790 0.692029
-0.359102 0.577323
-0.217298 0.571982
-0.243465 0.611511
-0.348009 0.512901
-0.250439 0.539278
-0.297443 0.510939
-0.119037 0.452373
-0.256327 0.366712
-0.224473 0.415547
-0.166814 0.437757
-0.200704 0.342686
-0.073387 0.292778
-0.096054 0.336082
-0.033425 0.322319
-0.017430 0.282917
-0.096404 0.248231
-0.059600 0.229307
0.076088 0.198289
0.084715 0.243261
0.011645 0.150308
0.084332 0.121073
0.048957 0.192793
0.147422 0.269983
0.202305 0.285661
0.214471 0.064428
0.158208 0.168341
0.220074 0.160178
0.311262 0.171644
0.283956 0.178093
0.424723 0.106036
0.343761 0.099728
0.359452 0.107548
0.449646 0.125607
0.452170 0.013712
0.456050 0.075042
0.603439 0.047654
0.520835 0.099491
0.577495 0.116674
0.596847 0.087502
0.598408 0.145818
0.589143 0.099984
0.745306 0.183015
0.663832 0.103702
0.773037 0.142909
0.740764 0.106293
0.777715 0.143189
0.780420 0.197890
0.865200 0.157369
0.785008 0.166333
0.970648 0.221225
0.843457 0.247226
0.939439 0.193095
1.000859 0.249472
0.891561 0.144196
1.002296 0.267466
1.042554 0.214687
0.975796 0.330670
1.083689 0.219625
1.064359 0.325990
1.110413 0.289312
1.225958 0.372070
1.179607 0.358156
1.174364 0.528350
1.174750 0.431941
1.150007 0.400448
1.204966 0.498131
1.234650 0.446359
1.278902 0.449517
1.225436 0.556680
1.344337 0.477159
1.291543 0.598930
1.282646 0.608748
1.299367 0.695588
1.369964 0.648735
1.366407 0.728389
1.435871 0.714917
1.387353 0.745036
1.424399 0.761070
1.471822 0.797523
1.363542 0.835532
1.418132 0.867746
1.385038 0.795010
1.441783 0.950573
1.371225 0.933004
1.470483 0.918432
