1.047507 0.418133
1.110265 0.376716
1.134529 0.425614
1.092288 0.398668
1.129193 0.418759
1.115041 0.458880
1.106080 0.465181
1.067143 0.375413
1.093328 0.440047
1.106401 0.425141
1.084718 0.455051
1.111190 0.431914
1.080273 0.461367
1.121901 0.408069
1.117162 0.467098
1.093402 0.433920
1.080119 0.475370
1.126442 0.461775
1.081868 0.507683
1.060894 0.524242
1.142414 0.458359
1.139463 0.586050
1.084998 0.497708
1.066591 0.499648
1.096679 0.484350
1.118505 0.454805
1.111541 0.482647
1.129647 0.501936
1.078171 0.537660
1.088757 0.483400
1.092857 0.483886
1.041957 0.513297
1.061601 0.506492
1.107794 0.498660
1.104792 0.534583
1.067549 0.517637
1.115836 0.573262
1.028318 0.571074
1.037205 0.478945
1.039754 0.540324
1.059195 0.549588
1.054255 0.594736
1.073262 0.543153
1.053368 0.557421
1.109433 0.603793
1.017103 0.607858
1.038223 0.597803
1.077045 0.541888
1.016481 0.629732
1.107550 0.582309
1.026299 0.580057
1.043930 0.608774
1.030676 0.642237
1.032466 0.609417
1.058968 0.604627
1.069306 0.634276
1.026547 0.681871
1.088212 0.588248
1.046625 0.623324
1.020580 0.699672
1.019049 0.639103
1.044266 0.573942
1.049018 0.672288
1.040438 0.624061
0.989087 0.602767
1.004922 0.663376
1.052707 0.638776
1.054443 0.639064
1.061179 0.638421
0.985393 0.682587
0.971084 0.662005
1.035238 0.710116
1.012211 0.679002
0.999370 0.656802
1.078942 0.705781
0.999213 0.710751
1.036054 0.617054
0.972110 0.707057
1.026492 0.678947
0.973669 0.705119
1.025212 0.707933
1.022795 0.778331
0.952842 0.760783
1.024621 0.725763
1.018442 0.688762
1.005505 0.685144
0.993481 0.707314
0.988596 0.730888
0.967892 0.710709
0.946758 0.696046
0.929024 0.771503
0.988716 0.694919
1.031353 0.753397
0.961140 0.697608
1.024774 0.741797
0.967252 0.713128
0.962204 0.745802
0.961904 0.716381
0.953513 0.691523
0.881705 0.756236
0.902414 0.737099
0.916678 0.754740
0.858757 0.854265
0.946125 0.861811
0.934807 0.812585
0.925895 0.797548
0.940479 0.825151
0.934258 0.762363
0.940177 0.790018
0.905128 0.745306
0.885832 0.797511
0.924582 0.785337
0.906001 0.796770
0.880097 0.827790
0.901657 0.840369
0.871416 0.783268
0.954039 0.798784
0.924143 0.843904
0.841468 0.796606
0.893016 0.832290
0.847674 0.831139
0.952108 0.809464
0.845593 0.769338
0.851366 0.818472
0.873880 0.849440
0.834913 0.801790
0.902982 0.783803
0.870639 0.827502
0.894751 0.832685
0.887380 0.820293
0.816318 0.810551
0.822076 0.810812
0.893409 0.802494
0.879701 0.844309
0.811212 0.793639
0.839593 0.784901
0.795649 0.842911
0.840665 0.904006
0.856377 0.923523
0.843377 0.784521
0.784544 0.861698
0.804267 0.863568
0.843358 0.877926
0.803293 0.888339
0.875133 0.845810
0.799031 0.846503
0.787258 0.856003
0.825067 0.871712
0.804361 0.800168
0.784510 0.843488
0.860301 0.827043
0.782751 0.862793
0.798051 0.874820
0.788505 0.855325
0.767142 0.893536
0.738626 0.861698
0.820478 0.915156
0.744004 0.859774
0.794769 0.882799
0.751353 0.854672
0.754242 0.874955
0.734473 0.906515
0.769612 0.874009
0.694979 0.873912
0.797793 0.903860
0.692297 0.913982
0.735844 0.870126
0.756626 0.899393
0.663889 0.820352
0.718151 0.893146
0.725754 0.848053
0.662354 0.914960
0.715743 0.830016
0.684688 0.889526
0.697608 0.853201
0.757253 0.896037
0.709381 0.873976
0.689340 0.974218
0.673490 0.896303
0.641338 0.861257
0.662784 0.911936
0.667854 0.862599
0.683122 0.849519
0.633739 0.905428
0.699774 0.836549
0.651860 0.901548
0.633735 0.891614
0.633221 0.932743
0.669164 0.884479
0.656219 0.920304
0.692509 0.893813
0.650706 0.896170
0.666511 0.888941
0.689806 0.895146
0.609876 0.902228
0.639105 0.905306
0.610462 0.838293
0.642298 0.923375
0.589854 0.892949
0.651212 0.864452
