1.921261 1.227199
2.015157 1.184315
2.050834 1.276892
1.986272 1.255681
2.039951 1.304993
2.016566 1.384310
2.000491 1.412842
1.938975 1.297207
1.974668 1.413099
1.990220 1.409599
1.953166 1.473226
1.987877 1.457177
1.936038 1.519897
1.992553 1.458364
1.979056 1.565185
1.936569 1.533548
1.909344 1.613696
1.971076 1.611108
1.896016 1.697598
1.855911 1.739878
1.969109 1.658297
1.955165 1.866870
1.863520 1.751177
1.825535 1.770681
1.859871 1.764094
1.881399 1.735890
1.859332 1.793513
1.874464 1.838042
1.784825 1.906953
1.787884 1.840605
1.780828 1.856087
1.690891 1.914658
1.706396 1.918597
1.761356 1.920682
1.742164 1.988075
1.671256 1.975833
1.728295 2.072107
1.581289 2.081313
1.578558 1.955255
1.565997 2.059095
1.578457 2.084393
1.554037 2.163140
1.565238 2.096407
1.517795 2.128060
1.584008 2.207471
1.427353 2.223019
1.440607 2.216977
1.480158 2.141730
1.370381 2.281697
1.487815 2.218339
1.346539 2.222304
1.353366 2.272284
1.313653 2.328938
1.296305 2.285722
1.315834 2.284097
1.310935 2.333674
1.226218 2.409707
1.297976 2.273450
1.214704 2.329770
1.154602 2.447526
1.131139 2.359430
1.147677 2.263966
1.133407 2.413280
1.099038 2.342248
1.000422 2.311130
1.002505 2.402375
1.052444 2.365315
1.033252 2.365092
1.021511 2.362978
0.885951 2.427578
0.842581 2.394560
0.916888 2.464081
0.860419 2.414265
0.819236 2.377319
0.916688 2.446642
0.775218 2.449449
0.808639 2.303756
0.690935 2.433112
0.750777 2.384799
0.649883 2.417410
0.705621 2.414486
0.680510 2.512443
0.554199 2.477986
0.640601 2.416828
0.610189 2.352208
0.569776 2.337173
0.530878 2.360334
0.502845 2.385117
0.451249 2.343790
0.399187 2.310261
0.352412 2.411437
0.421972 2.284081
0.466159 2.358850
0.341290 2.261757
0.417418 2.314172
0.312052 2.256847
0.285644 2.291085
0.266616 2.231737
0.235719 2.178794
0.109974 2.259773
0.123291 2.214548
0.127236 2.224069
0.023209 2.355996
0.137429 2.349545
0.103944 2.257531
0.074400 2.216401
0.080440 2.238839
0.055622 2.125306
0.049373 2.147060
-0.017963 2.059892
-0.061294 2.117736
-0.017175 2.078656
-0.058663 2.074638
-0.110736 2.099659
-0.091208 2.096687
-0.148970 1.988871
-0.037016 1.989665
-0.093413 2.034557
-0.228546 1.940522
-0.161902 1.970672
-0.240148 1.945288
-0.093277 1.888846
-0.262370 1.804464
-0.262566 1.853719
-0.237179 1.875482
-0.303538 1.779082
-0.208863 1.726954
-0.264317 1.767138
-0.234597 1.749343
-0.251606 1.704992
-0.363652 1.664430
-0.359961 1.638699
-0.257400 1.599933
-0.281886 1.636215
-0.388028 1.533624
-0.348345 1.493799
-0.416625 1.553975
-0.350940 1.618666
-0.328682 1.620888
-0.348959 1.385242
-0.437454 1.473786
-0.407579 1.449300
-0.348112 1.443491
-0.406842 1.431717
-0.297172 1.340494
-0.408875 1.314082
-0.423540 1.300865
-0.363289 1.296962
-0.390266 1.162187
-0.415417 1.199729
-0.296561 1.147654
-0.407171 1.173916
-0.377964 1.164647
-0.385483 1.108159
-0.410184 1.138308
-0.445075 1.063469
-0.313875 1.116674
-0.419624 1.006728
-0.333979 1.014512
-0.389073 0.945700
-0.374178 0.949645
-0.392739 0.970661
-0.328412 0.895740
-0.428220 0.869609
-0.261337 0.888731
-0.406402 0.878311
-0.327390 0.787131
-0.282017 0.805854
-0.406415 0.662341
-0.309815 0.746820
-0.282707 0.654718
-0.361613 0.730874
-0.264847 0.579524
-0.294266 0.645134
-0.257247 0.567279
-0.149668 0.608466
-0.202902 0.552616
-0.213929 0.680538
-0.218217 0.541553
-0.246512 0.467208
-0.193970 0.521795
-0.165559 0.426715
-0.121425 0.386383
-0.173848 0.449909
-0.052733 0.326632
-0.102137 0.404564
-0.106461 0.370493
-0.083979 0.413425
-0.006431 0.322679
-0.001843 0.358491
0.076963 0.301258
0.038984 0.287733
0.087765 0.260275
0.148120 0.253420
0.053965 0.248339
0.123870 0.237717
0.107279 0.122431
0.181707 0.235765
0.130009 0.176322
0.249295 0.120264
