1.373754 1.009066
1.404696 1.014664
1.415520 1.065392
1.392219 1.078142
1.407623 1.114327
1.396633 1.160416
1.387376 1.189457
1.362274 1.170298
1.368882 1.228147
1.368089 1.246006
1.349080 1.286026
1.353320 1.299250
1.328045 1.338468
1.338232 1.335987
1.324435 1.389317
1.300340 1.396167
1.280707 1.439930
1.290114 1.455745
1.253323 1.500860
1.227598 1.530828
1.252400 1.519078
1.234264 1.603595
1.189684 1.579553
1.162463 1.600089
1.158840 1.611422
1.150452 1.615026
1.127057 1.646699
1.115604 1.673450
1.068788 1.707756
1.052451 1.696389
1.032343 1.711697
0.984227 1.740752
0.970899 1.750968
0.970384 1.759926
0.944835 1.789999
0.901752 1.792864
0.901046 1.831228
0.832074 1.839885
0.810966 1.802761
0.786378 1.841570
0.769949 1.853490
0.741069 1.882513
0.723931 1.862322
0.687135 1.874201
0.688139 1.901270
0.614795 1.906319
0.598050 1.903436
0.590060 1.876747
0.532308 1.921059
0.550330 1.896856
0.482180 1.894358
0.463484 1.906461
0.429388 1.920055
0.402884 1.899628
0.388833 1.892338
0.366826 1.901393
0.318423 1.918549
0.322413 1.864231
0.274985 1.873402
0.235562 1.902356
0.208658 1.862005
0.195415 1.818520
0.172256 1.855961
0.142770 1.819295
0.092266 1.795290
0.075745 1.811438
0.075617 1.784199
0.052906 1.768633
0.033160 1.751846
-0.027358 1.756719
-0.056625 1.728493
-0.046125 1.733903
-0.078658 1.699006
-0.105519 1.667890
-0.085573 1.671707
-0.144657 1.652879
-0.144815 1.584099
-0.194705 1.606569
-0.184753 1.569404
-0.227707 1.558823
-0.217763 1.536027
-0.234069 1.546510
-0.283395 1.512530
-0.261093 1.469348
-0.276994 1.424733
-0.295482 1.396390
-0.312711 1.380548
-0.325555 1.365039
-0.345481 1.327310
-0.364784 1.292023
-0.381540 1.301505
-0.358727 1.234702
-0.343576 1.235192
-0.383979 1.178337
-0.356579 1.171289
-0.388874 1.127655
-0.394044 1.114564
-0.395946 1.070325
-0.400999 1.028295
-0.436863 1.031005
-0.425570 0.991773
-0.416600 0.970941
-0.442824 0.991089
-0.395506 0.965316
-0.396637 0.911251
-0.395672 0.874402
-0.382072 0.859025
-0.377992 0.798629
-0.366964 0.783660
-0.375551 0.732741
-0.375397 0.730539
-0.345366 0.696434
-0.343155 0.674445
-0.343769 0.662588
-0.319826 0.641876
-0.320971 0.586713
-0.264883 0.568275
-0.264267 0.565079
-0.289266 0.516138
-0.246395 0.509176
-0.251225 0.484308
-0.180439 0.449713
-0.214417 0.406450
-0.191558 0.408395
-0.159652 0.401858
-0.157832 0.356631
-0.101857 0.326878
-0.095472 0.328627
-0.060263 0.311798
-0.040221 0.286879
-0.051473 0.264000
-0.023783 0.246854
0.037200 0.226166
0.056147 0.231308
0.048163 0.190985
0.089050 0.172420
0.094185 0.188035
0.144185 0.206008
0.179894 0.204021
0.201581 0.123614
0.200659 0.152146
0.239297 0.143883
0.287873 0.142731
0.297099 0.140481
0.362479 0.112640
0.354060 0.107296
0.377951 0.107247
0.426750 0.111199
0.446382 0.072421
0.466503 0.091977
0.534480 0.082551
0.525792 0.100126
0.563506 0.106742
0.588747 0.098497
0.608002 0.120004
0.623575 0.107382
0.694198 0.138299
0.685497 0.115684
0.740226 0.133153
0.747649 0.125921
0.777982 0.143762
0.796716 0.168101
0.842608 0.161257
0.833292 0.171458
0.912350 0.197512
0.886880 0.214471
0.935532 0.205248
0.972378 0.233379
0.952016 0.208135
1.004682 0.259574
1.033522 0.252819
1.026343 0.302797
1.077017 0.277567
1.084907 0.325263
1.114199 0.325723
1.166250 0.366426
1.163917 0.375324
1.174855 0.445996
1.187225 0.428193
1.190762 0.432405
1.220399 0.480039
1.241132 0.478203
1.266231 0.495009
1.258257 0.546802
1.307230 0.536667
1.298452 0.593916
1.303778 0.614115
1.317109 0.660240
1.347854 0.662037
1.353331 0.706220
1.382591 0.719562
1.371960 0.747617
1.389283 0.771143
1.409491 0.801622
1.377220 0.832748
1.398657 0.862055
1.390282 0.856470
1.411265 0.927059
1.389224 0.939994
1.423198 0.953964
