1.347507 1.018133
1.409836 1.001059
1.432815 1.074272
1.388433 1.071586
1.422343 1.115853
1.404346 1.180041
1.390694 1.210271
1.346224 1.144267
1.366040 1.232472
1.371914 1.240919
1.342210 1.293936
1.359848 1.293635
1.319291 1.345625
1.350485 1.314540
1.334526 1.395433
1.298774 1.383743
1.272738 1.446282
1.305560 1.453352
1.246751 1.519477
1.210823 1.555781
1.276685 1.509149
1.257388 1.655573
1.185906 1.585425
1.149827 1.604998
1.161607 1.606752
1.164509 1.593656
1.138022 1.637326
1.136027 1.671800
1.063894 1.722051
1.053287 1.681639
1.035679 1.695279
0.962579 1.737132
0.959554 1.742042
0.982631 1.745183
0.956092 1.791323
0.894913 1.783823
0.918890 1.848111
0.806715 1.853791
0.790620 1.768724
0.767891 1.836348
0.761782 1.851030
0.731047 1.900762
0.724040 1.852919
0.677941 1.870077
0.707636 1.918482
0.588798 1.923719
0.583301 1.913969
0.595423 1.857489
0.508104 1.943893
0.572391 1.894157
0.464359 1.888716
0.455238 1.913366
0.415287 1.941887
0.390465 1.903251
0.390466 1.891773
0.374443 1.913865
0.305490 1.953040
0.341155 1.850137
0.273791 1.875080
0.222216 1.940447
0.195431 1.868059
0.195695 1.790248
0.175823 1.875122
0.142973 1.812612
0.067733 1.776235
0.060082 1.820971
0.084813 1.779723
0.063949 1.762599
0.048564 1.743796
-0.048841 1.769066
-0.084242 1.728871
-0.040634 1.756666
-0.083635 1.704550
-0.115857 1.660681
-0.055054 1.687342
-0.152918 1.669362
-0.133558 1.552105
-0.214310 1.617957
-0.176045 1.565126
-0.244275 1.566029
-0.207412 1.543047
-0.223766 1.587145
-0.306896 1.542817
-0.247519 1.480559
-0.265311 1.415887
-0.289059 1.384189
-0.311078 1.377894
-0.325131 1.372645
-0.354164 1.323309
-0.382776 1.279182
-0.407129 1.324895
-0.353189 1.218311
-0.315428 1.246562
-0.389632 1.160346
-0.329100 1.173934
-0.388829 1.114519
-0.395184 1.116328
-0.395887 1.055952
-0.403774 1.000078
-0.474170 1.033740
-0.451140 0.983545
-0.433644 0.970151
-0.487424 1.038690
-0.395006 1.015329
-0.400370 0.935301
-0.402425 0.889596
-0.380086 0.886693
-0.377659 0.793587
-0.362204 0.791142
-0.386837 0.716573
-0.394843 0.739193
-0.343939 0.697732
-0.349510 0.680202
-0.361559 0.682609
-0.325308 0.666952
-0.340037 0.582018
-0.241091 0.570128
-0.253866 0.588295
-0.318638 0.514519
-0.248417 0.524227
-0.274334 0.497623
-0.149738 0.451043
-0.235372 0.386581
-0.208015 0.411971
-0.163233 0.419807
-0.179268 0.349659
-0.087622 0.309828
-0.095763 0.332355
-0.046844 0.317059
-0.028826 0.284898
-0.073938 0.256115
-0.041692 0.238081
0.056644 0.212227
0.070431 0.237285
0.029904 0.170647
0.086691 0.146747
0.071571 0.190414
0.145803 0.237995
0.191100 0.244841
0.208026 0.094021
0.179433 0.160244
0.229685 0.152031
0.299568 0.157187
0.290527 0.159287
0.393601 0.109338
0.348910 0.103512
0.368701 0.107398
0.438198 0.118403
0.449276 0.043067
0.461277 0.083510
0.568960 0.065103
0.523313 0.099809
0.570500 0.111708
0.592797 0.092999
0.603205 0.132911
0.606359 0.103683
0.719752 0.160657
0.674664 0.109693
0.756631 0.138031
0.744206 0.116107
0.777848 0.143475
0.788568 0.182996
0.853904 0.159313
0.809150 0.168896
0.941499 0.209368
0.865168 0.230849
0.937486 0.199171
0.986618 0.241425
0.921788 0.176165
1.003489 0.263520
1.038038 0.233753
1.001069 0.316733
1.080353 0.248596
1.074633 0.325626
1.112306 0.307517
1.196104 0.369248
1.171762 0.366740
1.174610 0.487173
1.180987 0.430067
1.170384 0.416426
1.212682 0.489085
1.237891 0.462281
1.272567 0.472263
1.241847 0.551741
1.325783 0.506913
1.294997 0.596423
1.293212 0.611432
1.308238 0.677914
1.358909 0.655386
1.359869 0.717304
1.409231 0.717239
1.379657 0.746326
1.406841 0.766106
1.440656 0.799572
1.370381 0.834140
1.408395 0.864901
1.387660 0.825740
1.426524 0.938816
1.380225 0.936499
1.446841 0.936198
