1.065005 0.412088
1.106838 0.385786
1.122999 0.419694
1.094812 0.403039
1.119380 0.417741
1.109899 0.445797
1.103869 0.451305
1.077844 0.392767
1.095223 0.437163
1.103851 0.428532
1.089298 0.449777
1.106838 0.435657
1.086109 0.456596
1.113733 0.422367
1.110435 0.463021
1.094446 0.442203
1.085432 0.471136
1.116145 0.463370
1.086249 0.495272
1.072077 0.507607
1.126224 0.464978
1.124047 0.551398
1.087517 0.493793
1.075016 0.496375
1.094834 0.487464
1.109134 0.469052
1.104231 0.488896
1.116031 0.503036
1.081434 0.528131
1.088200 0.493233
1.090633 0.494832
1.056389 0.515711
1.069165 0.512443
1.099629 0.508488
1.097288 0.533701
1.072109 0.523665
1.103939 0.562007
1.045224 0.561803
1.050769 0.501637
1.052078 0.543806
1.064639 0.551228
1.060937 0.582570
1.073189 0.549422
1.059497 0.560170
1.096435 0.592318
1.034434 0.596258
1.048056 0.590781
1.073470 0.554727
1.032617 0.614508
1.092843 0.584109
1.038179 0.583819
1.049428 0.604171
1.040076 0.627682
1.040745 0.607002
1.057879 0.605004
1.064228 0.625961
1.035169 0.658877
1.075717 0.597644
1.047422 0.622206
1.029478 0.674278
1.027867 0.635067
1.044080 0.592790
1.046640 0.659514
1.040303 0.628516
1.005443 0.615470
1.015364 0.657021
1.046577 0.641761
1.047081 0.643087
1.050909 0.643788
0.999715 0.674355
0.989496 0.661753
1.031577 0.694940
1.015528 0.675306
1.006262 0.661608
1.058596 0.695358
1.004721 0.699763
1.028549 0.638383
0.985180 0.699465
1.020686 0.681799
0.984714 0.700315
1.018311 0.703253
1.015926 0.751241
0.968509 0.740592
1.015572 0.718289
1.010654 0.694659
1.001223 0.693278
0.992393 0.709083
0.988314 0.725817
0.973680 0.713376
0.958753 0.704607
0.946084 0.755910
0.985024 0.705846
1.012587 0.745817
0.964909 0.709603
1.006454 0.740034
0.967222 0.721886
0.962964 0.744626
0.961864 0.725962
0.955363 0.710334
0.906576 0.754413
0.919460 0.742584
0.928040 0.755267
0.888490 0.822531
0.945792 0.828469
0.937296 0.796552
0.930397 0.787419
0.939155 0.806706
0.934036 0.765724
0.937003 0.785031
0.912652 0.756084
0.898796 0.791742
0.923631 0.784472
0.910238 0.792932
0.891957 0.814442
0.905312 0.823651
0.884127 0.786398
0.938177 0.797549
0.917209 0.828427
0.861048 0.797685
0.894365 0.822256
0.863080 0.822262
0.931641 0.808577
0.859563 0.782583
0.862337 0.816088
0.876267 0.837474
0.849204 0.806438
0.893492 0.795170
0.870833 0.825017
0.885805 0.829178
0.879783 0.821614
0.831295 0.815807
0.834015 0.816661
0.880446 0.811786
0.870178 0.840325
0.823384 0.807198
0.841165 0.802016
0.810725 0.841325
0.839586 0.882681
0.848906 0.896309
0.839081 0.804249
0.798694 0.856300
0.810674 0.858136
0.835562 0.868289
0.807674 0.875802
0.854386 0.848011
0.802464 0.849026
0.793425 0.855902
0.817435 0.866909
0.802432 0.819738
0.787995 0.849133
0.837315 0.838675
0.784404 0.863005
0.793388 0.871510
0.785805 0.858990
0.770341 0.884932
0.750104 0.864164
0.803441 0.900251
0.751226 0.863768
0.783832 0.879547
0.753648 0.861214
0.754331 0.875146
0.739905 0.896586
0.762081 0.875305
0.711073 0.875620
0.778361 0.895955
0.706772 0.903064
0.734541 0.874177
0.747132 0.894029
0.684041 0.841665
0.718947 0.890515
0.722744 0.860764
0.679203 0.905669
0.713519 0.849330
0.691537 0.889284
0.698870 0.865338
0.737351 0.894155
0.704151 0.879698
0.689503 0.946767
0.677648 0.895054
0.654923 0.871910
0.667929 0.905905
0.670015 0.873214
0.678898 0.864683
0.644680 0.902136
0.687405 0.856385
0.654163 0.899877
0.640779 0.893403
0.639135 0.920961
0.661794 0.888913
0.651861 0.912914
0.674749 0.895362
0.645575 0.897030
0.654806 0.892298
0.669029 0.896512
0.614435 0.901300
0.632613 0.903409
0.612210 0.858780
0.632125 0.915537
0.595854 0.895279
0.635450 0.876296
